"Fehmarn Bält": ((11.212566292852763, 54.49618504236196), (11.250066266287346, 54.593021637497834), (11.358566189425126, 54.66306630403638)),
"Aurora": ((12.414885440522585, 55.64730549999991), (12.487565389631278, 55.526080187888724), (12.600065309935387, 55.494228077820765), (12.916666440522198, 55.533333)),
"Rønne-Rødvig": ((12.37186547159436, 55.256124793285025), (12.825065150543425, 55.14215100378178), (14.400064034799321, 55.07780072164767), (14.708363816396886, 55.10103597610051)),
"GlobalConnect-KPN": ((11.94000577752764, 54.577236267283396), (11.812565867807347, 54.49397229925472), (11.812565867807347, 54.29748595281839), (12.132485641173277, 54.0791774165702)),
"Elektra-GlobalConnect 1 (GC1)": ((11.94000577752764, 54.577236267283396), (11.925065788111276, 54.49397229925472), (11.925065788111276, 54.29748595281839), (12.132485641173277, 54.0791774165702)),
"Germany-Denmark 3": ((11.94000577752764, 54.577236267283396), (12.037565708415386, 54.49397229925472), (12.037565708415386, 54.29748595281839), (12.149575629066478, 54.19157680986677)),
"Baltica": ((11.94000577752764, 54.577236267283396), (12.600065309935387, 54.62444087776703), (13.500064672367355, 54.884127437867534), (14.400064034799321, 54.94878902385559), (14.850063716015397, 54.94878902385559), (14.992153615357688, 55.031146415148456)),
"C-Lion1": ((24.932476573539617, 60.171163188940554), (24.412556941855435, 59.7364093840784), (23.850057340335432, 59.62282176941042), (23.1750578185115, 59.45171731890513), (22.275058456079353, 59.222223914844314), (21.15005925303935, 58.641677771385005), (20.250059890607382, 57.57189027900508), (19.125060687567377, 56.469711376547025), (17.325061962703444, 55.84318584148108), (15.30006339723147, 55.58970711313177), (14.400064034799321, 55.33458061322904), (13.500064672367355, 54.94878902385559), (12.600065309935387, 54.68951871778461), (12.150065628719313, 54.29748595281839), (12.037565708415386, 54.16597178715178), (12.132485641173277, 54.0791774165702)),
"NordBalt": ((15.908662966093944, 56.74380010331269), (16.08756283935933, 56.593792978418996), (16.20006275966344, 56.34522292681988), (16.312562679967364, 56.03221697111693), (17.325061962703444, 55.716652093821786), (20.475059731215417, 55.716652093821786), (21.149959253110477, 55.695748609598844)),
"Oskarshamn-Visby": ((18.3000312714301, 57.63842), (18.00006148393147, 57.652237533638846), (17.32506196210754, 57.531650012322864), (16.662562431428412, 57.29602797009688), (16.442539271429794, 57.26520999999988)),
"Västervik-Visby": ((16.63697244955656, 57.75601359999992), (17.32506196210754, 57.7724256592012), (18.00006148393147, 57.71238147125906), (18.3000312714301, 57.63842)),
"BCS East-West Interlink": ((21.08267930077222, 56.028506850473754), (20.700059571823456, 56.15772578558828), (19.125060687567377, 57.32978111682831), (18.829450896980287, 57.43973589319185)),
"Sweden-Latvia": ((21.570078955493642, 57.389720408424935), (21.15005925303935, 57.39045872350101), (19.350060528175415, 57.75242200704209), (19.041860746507265, 57.86298070545193), (18.900060846959338, 58.05131589106027), (18.562561086047374, 58.641677771385005), (18.562561086047374, 59.106894957190725), (18.337561245439336, 59.27974267096037), (18.062761440110208, 59.33230901818709)),
"Latvia-Sweden 1 (LV-SE 1)": ((21.570078955493642, 57.389720408424935), (21.15005925303935, 57.45103605396468), (19.57506036878345, 58.05131589106027), (18.337561244843435, 58.40671668748663), (18.00006148452737, 58.758568944882946), (17.946541522441517, 58.903099072193214)),
"Sweden-Estonia (EE-S 1)": ((24.752496701038964, 59.43639985926234), (24.412556941855435, 59.50884868221247), (23.850057340335432, 59.45171731890513), (23.1750578185115, 59.222223914844314), (22.736388129269244, 59.000082835046605), (22.050058615471496, 59.106894957190725), (20.250059890607382, 59.27974267096037), (18.900060846959338, 59.27974267096037), (18.688360996929806, 59.292766765691574)),
"Baltic Sea Submarine Cable": ((21.375059093647387, 59.5373781389088), (20.250059890607382, 59.45171731890513), (18.900060846959338, 59.33716441962142), (18.062761440110208, 59.33230901818709), (18.900060846959338, 59.3944892668567), (20.250059890607382, 59.50884868221247), (21.375059093647387, 59.62282176941042), (23.850057340335432, 59.679663707208995), (24.412556941855435, 59.79305890746809), (24.932476573539617, 60.171163188940554), (24.91880658322347, 60.07486799642317), (24.86255662307151, 59.9624316341522), (24.7500567027674, 59.679663707208995), (24.752496701038964, 59.43639985926234), (24.412556941855435, 59.56588346342965), (23.850057340335432, 59.56588346342965), (21.375059093647387, 59.5373781389088)),
"Eastern Light Sweden-Finland I": ((18.062756752613492, 59.3323082610704), (18.900060846959338, 59.45171731890513), (20.250059890607382, 59.56588346342965), (21.375059093647387, 59.679663707208995), (22.725058137295427, 59.7364093840784), (22.96675718482349, 59.823409426815196), (23.1750578185115, 59.7364093840784), (23.850057340335432, 59.7364093840784), (24.412556941855435, 59.84961238502145), (24.93247844853827, 60.171163460961736), (25.200056383983473, 60.07486799642317), (26.10005574641544, 60.07486799642317), (26.77505526823937, 60.29859553499128), (26.883648941310707, 60.50114056075507)),
"Eastern Light Sweden-Finland II": ((24.65578212250267, 60.206780251145716), (24.412558910536177, 60.13094306980754), (23.850058953274402, 60.074868164985745), (23.175059004559692, 60.01869775526425), (22.966757966073065, 59.82340864139905), (22.725058137295427, 59.79305890746809), (21.37505899829746, 59.9060700138268), (20.907999423920963, 59.9209637334888), (20.250059226800076, 59.62282165244601), (18.900059329371565, 59.50884849264949), (18.33755937210979, 59.42311514129758), (17.943566877498796, 59.40288874272467)),
"BCS North - Phase 1": ((24.932476573539617, 60.171163188940554), (24.412556941855435, 59.906069924574304), (23.850057340335432, 59.79305890746809), (22.966757966073065, 59.82340864139905), (22.6125582169915, 59.906069924574304), (22.275058456079353, 60.01869762196877), (22.298598439403605, 60.30575443116903), (22.050058615471496, 60.07486799642317), (21.375059093647387, 59.84961238502145), (20.250059890607382, 59.7364093840784), (19.912560129695414, 59.9624316341522), (19.937760111843488, 60.11403575461426), (19.68756028908738, 59.9624316341522), (19.125060687567377, 59.62282176941042), (18.688360996929806, 59.292766765691574)),
"STO-HEL-One": ((18.56540150000036, 60.032046400000056), (18.900060846363438, 60.03743169846873), (19.57506036818755, 60.03743169846873), (19.804952900000593, 60.099262)),
"Finland-Estonia 3 (EESF-3)": ((24.27661703815667, 59.40095452286688), (24.412556941855435, 59.679663707208995), (24.7500567027674, 59.9624316341522), (24.932476573539617, 60.171163188940554)),
"E-FINEST": ((24.65578, 60.20678), (24.63755678246347, 59.9624316341522), (24.63755678246347, 59.679663707208995), (24.752468999999603, 59.436369)),
"Finland Estonia Connection 2 (FEC-2)": ((24.752468999999603, 59.436369), (24.86255662307151, 59.679663707208995), (24.975056543375437, 59.9624316341522), (24.932563000000318, 60.1712)),
"Finland Estonia Connection 1 (FEC-1)": ((24.752468999999603, 59.436369), (24.975056543375437, 59.679663707208995), (25.087556463679363, 59.9624316341522), (24.932563000000318, 60.1712)),
"Finland-Estonia 2 (EESF-2)": ((24.752496701038964, 59.43639985926234), (25.087556463679363, 59.679663707208995), (25.200056383983473, 59.9624316341522), (25.087556463679363, 60.07486799642317), (24.932476573539617, 60.171163188940554)),
"BCS North - Phase 2": ((26.88364519131359, 60.50114125320089), (27.00005510884741, 60.35428947498098), (27.16880498930348, 60.13094286609847), (27.450054790063483, 59.9624316341522), (28.12505431188741, 59.84961238502145), (28.49995404630509, 59.79998620949299)),
"Botnia": ((21.616368922701422, 63.095388681301685), (21.375059093647387, 63.09669186983899), (21.15005925303935, 63.09669186983899), (20.700059571823456, 63.27431307074413), (20.475059731215417, 63.526173423791214), (20.39430309845523, 63.70251569426438), (20.26304988140538, 63.82595266205344)),
