"Nord Stream 1 & 2": (
        (28.0733, 60.5267),
        (28.0898, 60.5018),
        (28.0547, 60.4141),
        (27.8032, 60.2367),
        (27.4783, 60.1452),
        (26.9532, 60.1300),
        (26.6730, 60.0699),
        (26.2917, 60.0041),
        (26.1250, 59.9917),
        (25.9700, 59.9367),
        (25.3666, 59.8916),
        (25.0333, 59.9000),
        (24.0333, 59.6633),
        (22.1672, 59.3981),
        (21.2000, 59.2167),
        (20.4217, 58.8250),
        (18.7936, 56.5241),
        (18.5700, 56.3384),
        (18.1134, 56.2500),
        (16.4717, 55.6667),
        (16.4633, 55.5933),
        (15.9249, 55.0866),
        (15.2533, 54.7861),
        (14.1674, 54.5597),
        (14.0160, 54.5086),
        (13.8041, 54.3809),
        (13.8009, 54.3574),
        (13.7895, 54.3512),
        (13.7806, 54.2894),
        (13.7081, 54.2354),
        (13.7070, 54.2117),
        (13.6325, 54.1948),
        (13.6330, 54.1607),
        (13.6398, 54.1468)
    ),  
    "Balticconnector": (
        (24.0058, 60.0497),  
        (24.2500, 59.9500),  
        (24.0700, 59.3600),  
    ),
    "Baltic Pipe": (
        (12.1700, 55.2500),
        (14.9900, 54.9900),
        (15.0750, 54.0944),
    ),
